x
0 1
1 0 4.54
2 0 14.279999999999999
3 0 5.0999999999999996
4 0 42.810000000000002
5 0 9.0899999999999999
6 0 5.8799999999999999
7 0 7.2699999999999996
8 0 6.0599999999999996
9 0 5.2599999999999998
10 0 18.18
11 0 2.6099999999999999
12 0 9.6699999999999999
13 0 5.5499999999999998
14 0 10
15 0 4.4100000000000001
16 0 20
17 0 7.1399999999999997
18 0 9.0899999999999999
19 0 18.75
20 0 18.18
21 0 10.710000000000001
22 0 17.100000000000001
23 0 5.4500000000000002
24 0 9.75
25 0 20.829999999999998
26 0 16.66
27 0 33.329999999999998
28 0 9.0899999999999999
29 0 14.279999999999999
30 0 4.7599999999999998
31 0 12.5
32 0 4.7599999999999998
33 0 8.3300000000000001
34 0 4.7599999999999998
35 0 20
36 0 4.7599999999999998
37 0 6.8899999999999997
38 0 8.3300000000000001
39 0 9.75
40 0 4.7599999999999998
41 0 7.1399999999999997
42 0 14.279999999999999
43 0 3.5699999999999998
44 0 20
45 0 21.420000000000002
46 0 22.050000000000001
47 0 2.1200000000000001
48 0 10
49 0 4.3849999999999998
50 0 9.7520000000000007
51 0 4.0810000000000004
52 0 32.478000000000002
53 0 6.0029999999999992
54 0 7.407
55 1 1021.5
56 1 9989
57 1 15841
